%% set parameter
STOCK_NUM = [600409,600470,600486,000038,...
    000402,000950,000420,000949,600889,000816,000809,000949,600573,...
   000596,600307,600015,600000,601288,000928,000065,000056,600658,...
   600570,000682,600056,600079,600216,002423,000819,002182];   %自选30只

%上证50
% STOCK_NUM = [600519,600999,	600048,	601688,	600837,	600111,	600036,	600547,	600383,	600887,	601006,	600030,	600000,	600015,	601901,	600585,	600089,	601169,	601166,	600104,	600637,	601328,	600016,	601398,	600406,	601818,	601288,	600196,	601088,	600031,	601318,	601336,	600050,	600028,	601857,	600703,	601118,	601117,	601601,	600018,	600332,	601989,	601628,	601668,	600256,	600518,	600010,	600832,	601299,	601766,	];




CHOOSE_BEGIN_DATE =20110104;   %最小20110104(用于选择股票时)
CHOOSE_END_DATE   =20111230;   %最大20151127(用于选择股票时)
BEGIN_DATE  =  20110104;  %最小20110104
END_DATE    =  20151127;  %最大20151127
BUY_COST   =0.00025;    %买入成本
SELL_COST  =0.00125;    %卖出成本
CASH       =0.03;       %无风险年利率

SHORT_TIME = 5;   %短MA天数
LONG_TIME  = 20;  %长MA天数
IN_PERCENT = 1; %每次投入交易的钱占净值的百分比

PREMISE_DAY = 9; %每天进行大前提判断时，所用到数据涵盖的天数
PREMISE_BOUND = 0.38; % 通过E值判断振荡还是趋势前提时的界限

%止损参数
STOP_LOSS_DAY = 50; %止损时的参数，取前STOP_LOSS_DAY天内的净值的极大值 
STOP_LOSS_PROP = 0.92; % 当小于极大值的STOP_LOSS_PROP倍时止损

